Est_P_Weighted,Est_P_Weighted.Slope,Est_P_Unweighted,Est_P_Unweighted.Slope,Est_P_KM,Est_P_Pseudo,Est_P_Pseudo.Slope,Est_U_Weighted,Est_U_Weighted.Slope,Est_U_Unweighted,Est_U_Unweighted.Slope,Est_U_KM,Est_U_Pseudo,Est_U_Pseudo.Slope,Est_O_Weighted,Est_O_Weighted.Slope,Est_O_Unweighted,Est_O_Unweighted.Slope,Est_O_KM,Est_O_Pseudo,Est_O_Pseudo.Slope,SE_P_Weighted,SE_P_Weighted.Slope,SE_P_Unweighted,SE_P_Unweighted.Slope,SE_P_KM,SE_P_Pseudo,SE_P_Pseudo.Slope,SE_U_Weighted,SE_U_Weighted.Slope,SE_U_Unweighted,SE_U_Unweighted.Slope,SE_U_KM,SE_U_Pseudo,SE_U_Pseudo.Slope,SE_O_Weighted,SE_O_Weighted.Slope,SE_O_Unweighted,SE_O_Unweighted.Slope,SE_O_KM,SE_O_Pseudo,SE_O_Pseudo.Slope
0.030888676543172438,1.011283485215032,0.13401664052231535,1.0125733687367016,-0.0014836259530858625,-0.14693026958929226,0.960145917789919,-0.16911132345682683,1.0135446351286546,-0.06598335947768494,1.0150910737360428,0.017470945581556208,-0.31200996119074864,0.9617350874773357,0.23088867654317263,1.0095040602339311,0.3340166405223136,1.0105928313802293,-0.01820839939760069,0.022128547643790478,0.9602226628498961,0.03328011095678355,0.016864050289511757,0.036059710570198814,0.018215528322315447,0.0036767157227542233,0.02230135838702453,0.014247430847005037,0.03328011095678355,0.018492859894461425,0.03605971057019882,0.019975471048794487,0.0037232720767703506,0.022154119223579738,0.015694225637872615,0.03328011095678355,0.015466179871644474,0.036059710570198834,0.016706187194986025,0.0036357605216288274,0.022446356706101882,0.013017698145618746
0.02997043230475856,1.009607105221148,0.13590299362240074,1.0111403992390764,-0.0013223159824150565,-0.15423117440884182,0.9572739715872958,-0.1700295676952426,1.0115488554279208,-0.06409700637759916,1.0133908092436583,0.018097282761865507,-0.3186611878042272,0.9585861801840313,0.2299704323047596,1.00808022277008,0.3359029936224014,1.009371695095012,-0.01848801640861797,0.014247214422765345,0.9576362111416332,0.0328853051196238,0.016868977743244425,0.035707327477156936,0.01825997917708951,0.0037396497662683763,0.022075155129490973,0.014267833451288873,0.03288530511962381,0.01850909240395757,0.035707327477156936,0.02003668362880262,0.0037871032100323227,0.021926917075678037,0.015722667931623715,0.0328853051196238,0.015461053420943944,0.03570732747715692,0.01673609260682449,0.003697676523524921,0.022221657251859987,0.013031408399500777
0.025749685335197187,1.0113217760110516,0.13471167278468615,1.0127894161686368,-9.126317310171883e-4,-0.15736778440958865,0.9578504319267294,-0.1742503146648032,1.0136364892154055,-0.0652883272153136,1.0154025366976203,0.018964494799135145,-0.32129391179005085,0.959490159034838,0.22574968533519735,1.0095043588693393,0.3347116727846864,1.010738811743701,-0.018514011588468424,0.010656161399054788,0.9580066947615458,0.032533398085121526,0.016958421881747822,0.03539676222002826,0.0183872301214233,0.0037986312770263027,0.021734325676367548,0.014285822986481284,0.03253339808512153,0.018627811662464064,0.03539676222002826,0.02019837267670033,0.0038469657879978,0.02158713630812814,0.01576075953779789,0.03253339808512151,0.015526590679672924,0.03539676222002826,0.016835188823531473,0.0037556504072438854,0.021879895588523473,0.013034193547181966
0.023118064406251908,1.012434644713366,0.13513604262427756,1.013920836449949,-4.7629821164432706e-4,-0.16571011989073373,0.9566403992141761,-0.17688193559374743,1.0150038927687508,-0.0648639573757227,1.0167952647488139,0.01984609432958906,-0.3290327256993438,0.9583098777506647,0.22311806440625195,1.0104200747172203,0.33513604262427854,1.0116682959219228,-0.01850251435742553,0.0017676665092771888,0.9568366149775128,0.03220732608760251,0.01703803911554319,0.03511251970520945,0.0185059037358364,0.0038551160068640788,0.021468100825845392,0.014315373241953831,0.0322073260876025,0.01873380717173121,0.035112519705209455,0.020348835467343857,0.0039043173777517912,0.021320689506326172,0.01580498324452103,0.03220732608760251,0.015584514150876513,0.035112519705209476,0.01692772083216511,0.0038111486819740496,0.02161396066399141,0.013052187421497266
0.02889947284950586,1.0155397407784406,0.1431781510334222,1.016875045017779,-9.064255768786167e-4,-0.16239764136636944,0.9563465981164929,-0.17110052715049318,1.0187882673183843,-0.05682184896657719,1.0203998027437864,0.019857944375895387,-0.32528354350741306,0.9581286017186182,0.22889947284950443,1.0129970196764089,0.34317815103342225,1.0141177475362164,-0.01935580364762382,0.004694917797496535,0.9565075915044813,0.03180728088665686,0.017094273376651082,0.03475876536216343,0.01860317066398064,0.003923184232561319,0.02110418798836773,0.014264515177168556,0.03180728088665686,0.01881917552485568,0.03475876536216343,0.02048082934098243,0.003973012347152403,0.020957507310324117,0.01576189182303728,0.03180728088665685,0.015617737948943196,0.034758765362163435,0.016997378930311946,0.003878432275293656,0.021249280164430128,0.012995873497787597
0.020841600925948927,1.0165424400324294,0.13845680434462176,1.0178645186524242,-1.326019444301274e-4,-0.17135808094799354,0.9562649311738445,-0.17915839907405132,1.0200338914337483,-0.0615431956553789,1.0216319509098262,0.021067088290216085,-0.3335106304560232,0.9583189149580903,0.22084160092594882,1.01381200396067,0.3384568043446218,1.0149202359295255,-0.019001530279141365,-0.004972971589684628,0.9562629142660012,0.03153263783492241,0.01720184972384133,0.03452466192193071,0.018749919874498998,0.003975946035546119,0.02087516473761722,0.014337602886861778,0.031532637834922404,0.018954901419667897,0.03452466192193071,0.02066122817254708,0.0040265620077344294,0.020726572536250647,0.015856793182418037,0.031532637834922404,0.015701544085973056,0.0345246619219307,0.017115839552565293,0.003930252605234775,0.02102140377358042,0.013051813312283818
0.009533200669918664,1.0154023011564492,0.13080365387297072,1.0169106757317399,0.0010489300891947106,-0.1850006970900722,0.9530778432561632,-0.19046679933008046,1.0186771479595018,-0.06919634612702914,1.0205041680856022,0.02267873333073045,-0.3464216538270313,0.9549338380510664,0.20953320066991826,1.0128417107605978,0.330803653872972,1.01410324385448,-0.01823597721080164,-0.019282245647620353,0.953317919338538,0.03130296378163707,0.0172991300001811,0.03433437257673891,0.018887460436894977,0.004023612844559796,0.020722077539956276,0.01439758262572972,0.03130296378163707,0.019072624524728663,0.03433437257673891,0.020825029671929268,0.004075031527800684,0.020571835584367062,0.015928873864177993,0.03130296378163707,0.015780238638273044,0.03433437257673891,0.01723002012172267,0.003976953990258516,0.02087112328266911,0.013101694281470308
0.012217114118349129,1.0164966639184572,0.135928989499836,1.018028515688726,8.892553669249126e-4,-0.1860936593884862,0.9501923870796296,-0.1877828858816517,1.0200345326745137,-0.06407101050016403,1.0218928776236982,0.022942210242734545,-0.3469696690439063,0.9517642900608742,0.21221711411834937,1.0137325767422198,0.33592898949983463,1.015012071515008,-0.018805876207001443,-0.020865080704908213,0.9507282964856228,0.030964621330961242,0.017344873820766563,0.03404236968011407,0.018976772852756625,0.0040871425486885445,0.02046371158502654,0.014352289139360114,0.030964621330961242,0.019139195249391658,0.03404236968011407,0.02094127623284778,0.004139089562716839,0.0203122304942914,0.0158828712509792,0.030964621330961256,0.015808443670243758,0.034042369680114086,0.017296768786556973,0.004039767837865177,0.02061392876935587,0.013056919207073005
0.012238127385198342,1.016677194677964,0.1387110924138669,1.0183629163106238,9.778640879604672e-4,-0.19087342901751597,0.9482643763525469,-0.18776187261480126,1.0202775613301622,-0.06128890758613311,1.0223260134086036,0.023426920116640215,-0.35114838667435794,0.9497253029509294,0.21223812738519818,1.0138648367692138,0.33871109241386765,1.0152704506106038,-0.01910354159126132,-0.02621136970752197,0.9489498318397265,0.03067757459482119,0.017389279874618066,0.033800399532508706,0.019064716537816072,0.004145382106594108,0.020250391646610074,0.014368164683753492,0.03067757459482119,0.019199660827755614,0.03380039953250871,0.021051562095914224,0.004197834837037944,0.020097303281223035,0.01590708981065434,0.030677574594821184,0.015838467679384113,0.0338003995325087,0.017365180687724815,0.004097299317089519,0.020401349120170477,0.01306590653281853
0.012114840983553572,1.0173672522645678,0.141384193236656,1.0190987759637844,0.0012715694361435936,-0.19518533954024464,0.9466184758225419,-0.18788515901644662,1.0211446774643964,-0.05861580676334369,1.0232520628044648,0.02413681590174918,-0.3548424480090765,0.9481255513983422,0.21211484098355352,1.0144175415184966,0.3413841932366551,1.0158593416296107,-0.019216525807171342,-0.031104432010308113,0.9473338537280811,0.030403973088791263,0.017460463269800594,0.03357276672104306,0.019179978080422412,0.004203811008773568,0.02001639688300378,0.014371165993964513,0.030403973088791256,0.019292062363805096,0.03357276672104308,0.021194300647522413,0.004256822551284379,0.01986203361798594,0.015919785015654376,0.030403973088791263,0.015891052411478413,0.03357276672104307,0.01745669372108643,0.0041549638774852375,0.020168904717972173,0.013061325353261844
0.01730280617606517,1.0160054800092486,0.1490325457655174,1.0181188996853088,9.506528730603425e-4,-0.20244913944924542,0.9402491954614148,-0.18269719382393457,1.01950176946596,-0.05096745423448216,1.0220778242748836,0.024186847068614903,-0.3613997959489123,0.9409392878572189,0.2173028061760658,1.0132744331935792,0.34903254576551773,1.0150306679264298,-0.019901572512703386,-0.039006199520570634,0.9417084981355736,0.0301200051704391,0.01745351898014097,0.033336357459447095,0.01922003275715899,0.004264326805520675,0.019864605210613704,0.014327142855914193,0.03012000517043909,0.019289662109887275,0.0333363574594471,0.02124582124343723,0.004317698335587953,0.019707121726582462,0.01586374774593234,0.030120005170439085,0.01587863197360391,0.033336357459447095,0.017485588504809343,0.004214906706436002,0.020021036909346975,0.013025904729391772
0.01462755776059785,1.0147359608036115,0.14947315853787685,1.0171290109075242,0.0015387420576483124,-0.21352468738162986,0.9349771379081916,-0.1853724422394019,1.0179711441659094,-0.05052684146212281,1.02089194821075,0.025169313190565284,-0.371761592491553,0.9351181111149243,0.2146275577605983,1.0122077922328834,0.34947315853787725,1.0141930129396863,-0.019701368926243162,-0.050744737907666954,0.9369659927506727,0.02989572858021213,0.017511884755415718,0.033156645581851246,0.019324119331311937,0.004317296004699925,0.019713361900778617,0.014319363538136542,0.029895728580212125,0.019360888948373865,0.03315664558185124,0.021369512575672656,0.004371139667090361,0.019553062108608424,0.015852779245440336,0.02989572858021214,0.015924106757472245,0.03315664558185124,0.017571234883160824,0.004267186157894911,0.01987271207046429,0.013019902295809916
0.027841568931478693,1.0107470915094388,0.16424778610697535,1.0138005563937238,2.4373759352017133e-4,-0.21170596819723186,0.9277033624753364,-0.17215843106852172,1.0131111673363742,-0.03575221389302608,1.0168401373634517,0.024251461176677702,-0.36934209186002104,0.9266976116036927,0.22784156893147953,1.0088980040371225,0.3642477861069758,1.0114273762082675,-0.021368622548029292,-0.049469636684341387,0.9306871410066121,0.029553935268009215,0.017413296773443224,0.03286748890852319,0.019277691825098264,0.004389403748441072,0.019572116132153577,0.01423123242143801,0.02955393526800922,0.019249224578406325,0.032867488908523194,0.021317510776604768,0.004443365067670255,0.019408036597483053,0.015741707378753897,0.02955393526800922,0.01583386549324198,0.032867488908523194,0.017526894411426745,0.004338941306130112,0.019734981527987482,0.012948852837902713
0.026753019035863943,1.01009318441435,0.1661556224436403,1.0134082154446447,4.8546491701403904e-4,-0.21940919122996103,0.9253018651412088,-0.17324698096413538,1.0123223594736837,-0.03384437755636007,1.0163744399392964,0.02484997206303563,-0.3764587017957917,0.9241199910015956,0.22675301903586323,1.0083484558991889,0.36615562244363997,1.0110912700400505,-0.021481441142007812,-0.057716217232658386,0.9285055903804277,0.029336949565474786,0.017461626637401393,0.03269560385181584,0.019371648659407624,0.004442533076010397,0.019392268748225215,0.014255569157138409,0.02933694956547478,0.019308613755356367,0.03269560385181583,0.02142921672818074,0.004496789380625583,0.019227579997375194,0.01577276617857097,0.02933694956547478,0.01587075404865724,0.03269560385181583,0.017603880031673718,0.004391544137872561,0.019555864392963765,0.012967229549149766
0.02536401175922998,1.0136133317989462,0.16770980421627774,1.016722561852289,7.98061519192178e-4,-0.2220926010432719,0.9251676353573489,-0.1746359882407694,1.0166440336764198,-0.03229019578372203,1.0204514781205913,0.02553043257468049,-0.378678206344245,0.9242072078258862,0.22536401175923007,1.0112422805537868,0.36770980421627947,1.013811419525615,-0.021534037796743954,-0.06083060173840932,0.9282615059874103,0.029122499411282338,0.01758496696706224,0.032526513082572456,0.019539702327446815,0.004495147738460835,0.019150866032196186,0.014267416598515319,0.029122499411282334,0.019464279423384873,0.03252651308257245,0.021636149095891573,0.0045496368397471496,0.018986909417854345,0.015797398608232278,0.029122499411282338,0.015966652830014465,0.03252651308257246,0.017739132879521325,0.004443691928506137,0.01931392669934823,0.012968876665369812
0.02427268818892885,1.0140944189752201,0.16949707390111665,1.017396869091668,9.356508741904801e-4,-0.22743011126995819,0.9215413893152667,-0.17572731181107182,1.0172474283393391,-0.03050292609888224,1.0212962378889063,0.026012963204638417,-0.3834323372731048,0.9201909119425645,0.2242726881889289,1.0116267282203368,0.3694970739011171,1.0143520750281056,-0.02173972690389811,-0.06670785320135485,0.9250318201327686,0.028910866139756915,0.01764540911340411,0.03235972070915572,0.01964751991438181,0.0045466520874764245,0.01899904901878808,0.01427083936268523,0.028910866139756908,0.0195404180368666,0.032359720709155715,0.021766811045298505,0.004601219946202076,0.01883360968007699,0.01580078658788066,0.028910866139756936,0.016012239007599575,0.032359720709155694,0.01782621431626973,0.0044948794879322565,0.01916363381868029,0.01297153367166629
0.027334535564078288,1.0149686088411676,0.17489718197866982,1.0183643944717164,6.505585528887026e-4,-0.22520537287899056,0.9205554739553565,-0.17266546443592107,1.0183356920536226,-0.02510281802133029,1.0225043561067928,0.02609788439027602,-0.380763423748671,0.919136407957075,0.22733453556407954,1.0123327607122294,0.37489718197866934,1.0151315346312804,-0.022393560058492523,-0.06491047831380294,0.924153101546071,0.028664727273963412,0.01769519352549858,0.03216200981064846,0.019747112101120297,0.004605680770908353,0.01879808989793639,0.014269713157548668,0.028664727273963415,0.019606644221428,0.03216200981064846,0.02189016753686972,0.004660236961713697,0.018632216687595946,0.01580485231423849,0.028664727273963415,0.016046756936967294,0.03216200981064845,0.017904479986512175,0.0045536608470609615,0.018962368358332725,0.012965753657576158
0.0245283997288682,1.0148561723614182,0.1751656907338869,1.0184111791327166,0.0011667059090640364,-0.23342956051096492,0.9172003174635062,-0.17547160027113237,1.0182108430792283,-0.024834309266113602,1.0225792722689457,0.026967919990839972,-0.38838302797059454,0.9155211068204417,0.2245283997288686,1.0122274648753364,0.37516569073388667,1.0151539504012506,-0.022233280197397814,-0.07370345681599204,0.9210952154380364,0.028481014718410823,0.017776641126639344,0.0320242828287,0.019877061201678158,0.004656100636735185,0.01863226957739308,0.014272509151588886,0.028481014718410812,0.019703570970490903,0.03202428282869999,0.022042744291933366,0.0047108002505038835,0.018465261658973164,0.015809160397315763,0.028481014718410833,0.01611243480865243,0.03202428282869999,0.01801271932850892,0.004603685755613871,0.018797873797854563,0.012966617198420393
0.024740619306247612,1.013337482713768,0.17813673682991482,1.0172340054685878,0.0014085345141224004,-0.24023193733424655,0.9121955473803114,-0.17525938069375258,1.0163588181506762,-0.02186326317008477,1.0211497546162962,0.027568753311281557,-0.3944972678747948,0.9100130823064816,0.224740619306247,1.0109674221431166,0.37813673682991666,1.0141714045079795,-0.02235199087541659,-0.08116370303015309,0.9165876090117061,0.028283646626989418,0.01782237629977461,0.0318747569111862,0.019974407222630608,0.0047088206105081595,0.018500711462245776,0.014257991058501316,0.028283646626989418,0.01975768932515843,0.0318747569111862,0.02215600391498818,0.004763570886689005,0.018330954317497674,0.015789298149256555,0.02828364662698941,0.016148058038418744,0.03187475691118621,0.0180936246940674,0.004656110486174327,0.018669212154474646,0.012955567692128477
0.019115888254841038,1.01651352117145,0.17597671570467185,1.0202414260552044,0.002254214405674637,-0.24777565631893905,0.9102687798780814,-0.18088411174515914,1.0202741718492636,-0.024023284295329256,1.02486581234839,0.028734979230738894,-0.4014673800834906,0.9081087282325626,0.21911588825484182,1.0135616756880796,0.37597671570467317,1.0166231329828437,-0.02183104329764804,-0.08924932708429278,0.9147360335324707,0.028139862501956905,0.017968369060137046,0.031774840091263745,0.0201668490094984,0.004752399118286885,0.01833335656706634,0.014284812741696245,0.028139862501956898,0.01993393212350261,0.03177484009126375,0.022385804842513582,0.0048071999731032445,0.018163097411206988,0.015824426554992506,0.028139862501956898,0.0162666906931003,0.03177484009126375,0.018252904668844824,0.004699384687393721,0.018502605675049896,0.012975198713759689
0.024076392180645657,1.014834887679516,0.18317775055148702,1.019031537234871,0.0016997698149542606,-0.24892119887916822,0.904039903929414,-0.175923607819355,1.0182167240396707,-0.01682224944851363,1.02338667402801,0.028496871842632443,-0.40210267833619967,0.9010556579077672,0.2240763921806459,1.0121762359101216,0.38317775055148595,1.0156195831704153,-0.022707417483618986,-0.09084716645193858,0.9092715958847085,0.027924312778876154,0.017963443663592156,0.031609921447110695,0.020215594660121797,0.004810057663529616,0.018192419459615996,0.014213656328544245,0.027924312778876154,0.019927678346388568,0.0316099214471107,0.022441079884488426,0.004864689919304833,0.01802028119919124,0.01573714301491399,0.027924312778876154,0.01625943717664219,0.03160992144711071,0.0182926935998041,0.0047569434177706146,0.018364282303162418,0.012916108467995051
0.02866340847169461,1.0164790666300616,0.19011428536601463,1.020753955229143,0.001248726613846507,-0.2483918793100246,0.8994353741035243,-0.17133659152830638,1.0202482531342594,-0.009885714633985243,1.0255206619250468,0.028353939434060116,-0.4011314074930799,0.8958851203970167,0.22866340847169508,1.013513158316455,0.39011428536601606,1.0170169675618252,-0.023473160542132387,-0.09071994590540516,0.9052119255082592,0.027724716355120783,0.018017087407195164,0.031460830351815,0.020321218415815707,0.004865828845756337,0.018020345435449565,0.014145995402066892,0.027724716355120766,0.019995660723392043,0.031460830351815,0.0225687382356669,0.004920280177740742,0.017846891499155967,0.015658241367895523,0.02772471635512078,0.016298794582044567,0.031460830351815,0.018377634409408206,0.004812627901175241,0.018193512146497545,0.012856857826680303
0.015876872949458814,1.0198769443026738,0.18157006052687574,1.0238825812398367,0.003007225205331948,-0.2606110372017297,0.8991848606588455,-0.18412312705054082,1.024440542809616,-0.018429939473124195,1.0293907584251991,0.03041840182254843,-0.412730562616558,0.8960598257941347,0.21587687294945976,1.0162802728158775,0.38157006052687414,1.019559012826289,-0.022028897890717353,-0.10355857681722157,0.9047093556418531,0.02763672691392595,0.01821501458553118,0.03141337383500216,0.020564701204359118,0.004900218467696688,0.017870568911270635,0.014230890369280963,0.027636726913925956,0.020227328950381394,0.03141337383500215,0.022853161081806468,0.00495470935183465,0.017696853991014408,0.015762691696713776,0.02763672691392595,0.01646469863271405,0.03141337383500214,0.01858325096554406,0.004846711951286488,0.018043651894683838,0.01292533879327169
0.008759427856553058,1.0180309842117,0.1778872607635405,1.02247769088052,0.0038846013192011253,-0.26991551154840415,0.8933101981462278,-0.19124057214344617,1.0221693485902332,-0.02211273923645971,1.0276646113252133,0.03159972422985782,-0.4213607730249826,0.8895888497076062,0.20875942785655202,1.014761026937002,0.3778872607635412,1.0183975732617354,-0.021463743516737827,-0.11348531684406811,0.8994434359463274,0.027502462861534977,0.018284333485741874,0.03132319519234577,0.020686384792896334,0.004942361683705932,0.017787240613128832,0.014235583235207315,0.027502462861534984,0.020300628539166258,0.031323195192345776,0.02298682209803159,0.004996672517462331,0.017611350949847254,0.01576105709281443,0.027502462861534984,0.016525261842045197,0.03132319519234577,0.018689427202218348,0.004888762599898509,0.01796337654232123,0.012934027245990264
0.009553077499257821,1.019109344618261,0.18122644839070268,1.0237277017266775,0.0038063410405191067,-0.2716876683514034,0.8894287562650778,-0.19044692250074294,1.0235081943477078,-0.018773551609297178,1.029221673938333,0.031824121786696025,-0.42261876374474666,0.8853700637095688,0.20955307749925758,1.015629343656569,0.38122644839070186,1.0194019744210265,-0.02185143343582724,-0.11574683502223526,0.8959253046363073,0.02732607124769892,0.01835041603488177,0.031195282369603842,0.020807713689080107,0.00499175720067183,0.017649999140301412,0.014212640784549422,0.027326071247698928,0.020381043656650635,0.031195282369603828,0.023130914091858783,0.0050456970342588284,0.017472634691880227,0.015734004200322508,0.02732607124769892,0.016576281273099694,0.031195282369603828,0.018788644054535196,0.004938271731972666,0.017827759306291394,0.012913622420957721
0.0019703760135609634,1.0203382553688691,0.17751533782830475,1.0249849231466661,0.005287496358077209,-0.28594874704566214,0.8862062082328456,-0.19802962398643895,1.0250253536623963,-0.022484662171696503,1.0307803917456264,0.033597854342329925,-0.436203966341894,0.882100767516224,0.20197037601356166,1.0166214347661657,0.3775153378283043,1.0204129715494705,-0.020673825513346095,-0.13065807760921308,0.892867222914268,0.027236240392594667,0.01849800694235727,0.03115068559641307,0.021006653278555377,0.005029182497168373,0.017525953373675147,0.014255396164217234,0.027236240392594667,0.020548741430515084,0.03115068559641307,0.023357887455542348,0.005083061863058125,0.017347792833151403,0.015782156523710872,0.02723624039259466,0.016701871595906203,0.03115068559641309,0.018958999646437553,0.004975490183239307,0.01770482525413526,0.01295099654503198
-0.001893970107778932,1.0196835450373327,0.17671650491763566,1.0246963285576343,0.005711266383620933,-0.29052764549906934,0.8825950410590976,-0.2018939701077776,1.0242165378033035,-0.023283495082364384,1.0304257458817558,0.03429520802280853,-0.4402583415927584,0.8781737914745052,0.19810602989222015,1.0160792331037356,0.3767165049176381,1.020166367793761,-0.020534843535270075,-0.13573445621512586,0.8896157640537528,0.027096659588677838,0.018560824298339863,0.03105780555463508,0.021124470228695673,0.00507318190113624,0.01741856812928509,0.014268411342285665,0.02709665958867784,0.02061588045096464,0.03105780555463508,0.023488392865270612,0.005126711601733982,0.017239369331386627,0.015793996268316027,0.027096659588677838,0.016753419937442244,0.031057805554635085,0.01906069458341559,0.005019569339098636,0.017598612435346148,0.01296382487813103
-0.004205822795165665,1.0156260789007663,0.1772148422970792,1.0213815888852777,0.006027854230957891,-0.2949134542611758,0.875758532265751,-0.2042058227951657,1.0192148045476173,-0.02278515770292158,1.026333615919661,0.034902678238105445,-0.4440887336166475,0.8705319851897044,0.19579417720483425,1.012762939926365,0.3772148422970795,1.0174549199851157,-0.02052109925783513,-0.1406417894773639,0.8835527807230007,0.026946452130451624,0.018574326919007816,0.03095666046933765,0.02119725805016605,0.005119804716337724,0.017337655174793284,0.014231948671359995,0.026946452130451635,0.0206194221113401,0.030956660469337656,0.02355964375966664,0.005172961188680168,0.017155903905696983,0.015743373185403697,0.026946452130451635,0.01676903086634616,0.030956660469337656,0.019127757402868997,0.005066303067698396,0.017520306167387763,0.012937800599147632
-0.013457140294591377,1.0125516200846112,0.17196949632032002,1.018888255143847,0.007642248859467737,-0.31001823927958133,0.8695823149577577,-0.21345714029459092,1.0154231226897645,-0.028030503679681042,1.0232514759274174,0.036790368680537255,-0.45846999658591125,0.863883934692612,0.18654285970540851,1.0102511875945914,0.3719694963203199,1.0154162685071348,-0.01919409461622154,-0.1564415359439292,0.8779108990397914,0.026867201370984053,0.01865753992047722,0.030922232755739493,0.02133807037508003,0.005155102038302756,0.017271858995000174,0.014258385013681625,0.026867201370984067,0.020702342287663048,0.030922232755739493,0.02370583196014208,0.0052080519428302444,0.017087973578518573,0.015765448423814277,0.026867201370984053,0.01684926541858312,0.03092223275573948,0.019255826427101806,0.005101527351703359,0.01745691051834514,0.012966601508754678
-0.014681211241392033,1.0147699261160725,0.17357733338467984,1.021072963473205,0.00795451254170465,-0.3131532934425748,0.8661127183137114,-0.2146812112413917,1.0181525371625977,-0.026422666615321222,1.025948825661698,0.037370744662604705,-0.46117994615749053,0.8601436233992958,0.185318788758608,1.0120537746622018,0.37357733338467936,1.0171856551176883,-0.01916318330109773,-0.15997021604815753,0.8747763161725604,0.026731428218126192,0.018763472179859225,0.03083639641481928,0.021500538552284253,0.0052000162685436,0.01712610736896558,0.014232709629005564,0.026731428218126192,0.0208247560164354,0.030836396414819296,0.023893457082160244,0.0052525288934603155,0.016941905870391714,0.015734937452163502,0.026731428218126192,0.01693627910056472,0.03083639641481928,0.019392232135240484,0.005146620111583091,0.01731157612458832,0.012943990223393266
-0.022457445629127614,1.0118006545789675,0.1697074162377346,1.01870099285239,0.009533607867281996,-0.3296307915358524,0.8588270597069156,-0.22245744562912628,1.0144918828052034,-0.030292583762264215,1.023015370492189,0.03921473669900294,-0.47687254172634996,0.8523162680598958,0.1775425543708719,1.0096302535647521,0.36970741623773384,1.0152485910372688,-0.01786440757064034,-0.17720769385344617,0.868102720551105,0.026655654682690846,0.018849651724246092,0.030807230703338812,0.021643999488434783,0.005235075505716534,0.017064260746581843,0.01424149569861078,0.026655654682690856,0.020904531578181045,0.030807230703338812,0.024041971222583256,0.005287337617396408,0.016877417811947737,0.015735332380437516,0.026655654682690842,0.017016833603230027,0.030807230703338805,0.019522803915884818,0.005181659898145898,0.017252660703267583,0.012958689379642709
-0.015972763745494476,1.0072470823445832,0.1782580938091264,1.0151067062714794,0.009010359431937648,-0.33268349384833007,0.8512339514247552,-0.21597276374549398,1.0088929036512189,-0.021741906190873593,1.0185807917172844,0.03894033297695604,-0.4794204691169912,0.8436987930260281,0.18402723625450526,1.005915116056413,0.37825809380912595,1.0123181202129905,-0.018652746895182953,-0.1807284723331845,0.8614810321866629,0.02650172998542644,0.01881317841797481,0.030710353005919,0.02167224108899216,0.005287270492865902,0.016974505782099403,0.01417287107872447,0.026501729985426443,0.020849656187142164,0.030710353005919,0.024060005367344033,0.0053390680886489066,0.0167856903279127,0.015645095721484845,0.02650172998542644,0.01698975481445401,0.030710353005918994,0.019550567111267285,0.005234071885438739,0.017164854808444242,0.012906817623670285
-0.01956480372807275,1.0089740548664126,0.1779749835346413,1.0167069275722909,0.009976340120425087,-0.33984185482854,0.8499917791995186,-0.2195648037280724,1.0110088308396035,-0.02202501646535891,1.0205461090856789,0.04016982086418397,-0.4860047137321709,0.842703811873504,0.18043519627192642,1.00732114331813,0.37797498353463993,1.013615552392648,-0.017968596523182445,-0.18845492132622105,0.8601599895376093,0.026401647854847665,0.018947027238731505,0.030661509567743165,0.021862844352438973,0.0053292917541773194,0.01682786673244064,0.01420206735447666,0.026401647854847655,0.020997188009668526,0.03066150956774315,0.024272313100590737,0.00538069602381823,0.016639230649727655,0.015680256572737264,0.02640164785484767,0.017104790680743706,0.030661509567743158,0.019715497544336526,0.005276207435152168,0.01701835188249675,0.012930144310019868
-0.022545531747718568,1.0037619791390078,0.17828681665020898,1.0124241816872257,0.010892392637141424,-0.35280949265726447,0.8408113596191047,-0.22254553174772018,1.0046096404612752,-0.021713183349789486,1.015265235837622,0.04133494842295077,-0.4982337784956168,0.8326410279589288,0.17745446825228262,1.003070028656229,0.37828681665020847,1.0101267813103487,-0.017319642153180936,-0.20213340112701877,0.851886704141537,0.02630675560722094,0.018971619776347537,0.030617972555254197,0.02194703653902461,0.005369209058449673,0.01677634258548368,0.014164759378295673,0.026306755607220934,0.021005176810034287,0.030617972555254204,0.024350413796464163,0.00542021918316949,0.01658461825092384,0.01562465157254858,0.026306755607220934,0.01713483541740488,0.030617972555254204,0.019800675020399075,0.005316262360066363,0.016970093851019417,0.01290733260512094
-0.01359540110071195,1.004611204728148,0.1887287146785961,1.0134842057354714,0.009702773186140184,-0.34736256073087207,0.8354963061623676,-0.21359540110071215,1.0056493414243992,-0.011271285321403314,1.0165667614851817,0.04038156662393405,-0.4923324668823293,0.8267649292711579,0.1864045988992886,1.0037615906636996,0.3887287146785956,1.0109859676794397,-0.018763089660437132,-0.19712246917107581,0.8471441179041711,0.026135098858998385,0.018989997168891704,0.030505753805182067,0.022030046636248555,0.005425306595200251,0.016643173304478332,0.014073085994562485,0.026135098858998385,0.02102504724241095,0.030505753805182067,0.02444311202870183,0.005475578939062887,0.016449475385113925,0.01551715237292798,0.026135098858998382,0.017147242921473908,0.030505753805182067,0.01986999567268838,0.005372841234506428,0.016838889078607505,0.01282846853196421
-0.016147829187061962,1.0048909674051958,0.18941120677312154,1.0139184121314722,0.010443893160472395,-0.35374480325770913,0.8300772846565659,-0.21614782918706166,1.0059875858247684,-0.010588793226878326,1.0170908181095832,0.04135309197722192,-0.4982122725137377,0.820986561484177,0.18385217081293773,1.0039894760545955,0.38941120677312313,1.0113375641020828,-0.018272300410117293,-0.20398017923873327,0.8421787671063101,0.026041815053664624,0.019084017859013997,0.03046433486513809,0.022183306806736417,0.005466158030529069,0.016529143821557683,0.014034821459371117,0.02604181505366462,0.021121522843140676,0.03046433486513809,0.024603200697804816,0.0055158899415322935,0.016334319206474168,0.01546948170918984,0.02604181505366462,0.01723115962371094,0.030464334865138085,0.020005872738739165,0.0054139560438092055,0.016726140690646405,0.012797488795697193
-0.016632562937924072,1.00700952456164,0.19174065434515197,1.0160443097090341,0.010676784787033933,-0.35589294773111474,0.8258525663443764,-0.21663256293792413,1.0085782071470784,-0.008259345654848513,1.0196975674089468,0.04180733228487221,-0.4999418814660504,0.816466175192854,0.18336743706207534,1.0057154011052858,0.3917406543451537,1.0130634261931257,-0.01827875034526133,-0.20652316562809786,0.8383371040803355,0.025931742601726114,0.019180962894026363,0.030406445525250805,0.02234113675346421,0.005508152186834786,0.01641043066837243,0.014000599534045142,0.025931742601726114,0.02122792470690791,0.030406445525250805,0.024779193699341336,0.005557199122343527,0.016214955551398857,0.01542756480929921,0.025931742601726114,0.017313372538623372,0.030406445525250812,0.020141312571815905,0.0054563790112090145,0.016608188764963422,0.012768982820570646
-0.01570942177644051,1.0104691792184874,0.1954489314069026,1.0192611051365839,0.010993974946721108,-0.3600705696558611,0.8225463369704675,-0.21570942177644176,1.012808377683593,-0.004551068593098021,1.0236428514186295,0.04234877121109171,-0.5036855188323718,0.8130319436652017,0.18429057822356038,1.008532386565024,0.395448931406903,1.0156748196189178,-0.018206104426495923,-0.21111327920612386,0.8352852853189834,0.025828733784544984,0.019302931924310988,0.030358447271908437,0.022523359678759437,0.005550524188689846,0.016272387484915263,0.013973388855653317,0.025828733784544988,0.021364255166223665,0.030358447271908444,0.02498417848086112,0.005598986544239283,0.016076935403840812,0.01539466349279866,0.025828733784544984,0.017416068309363694,0.030358447271908437,0.02029692348148003,0.005499070120031584,0.016470269747611815,0.012745752081504072
-0.02501786309538154,1.0083869479299863,0.19021530510740936,1.017715141873056,0.012686203828734588,-0.3740249433028044,0.8151730318862096,-0.22501786309538196,1.0102472281126194,-0.009784694892590049,1.0217229467121083,0.04425753311445485,-0.5169418165977353,0.80529979234895,0.17498213690461895,1.0068375488624368,0.3902153051074083,1.0144184706236763,-0.016749504959277434,-0.225747014397539,0.8284100931337455,0.025772053931839577,0.019397354767063467,0.03034781179310324,0.02267899661392058,0.00558081863677362,0.01621678491712491,0.013967581064058278,0.025772053931839574,0.021451524400330168,0.03034781179310325,0.025141099204656174,0.0056286132136511725,0.016019092682924202,0.015379337603537824,0.02577205393183958,0.0175061781898018,0.03034781179310324,0.0204403543109379,0.005529755514440088,0.016417200710612232,0.012746690113523345
-0.02689859815724654,1.0096041771691626,0.1915789885746982,1.0189805948232107,0.013502392161953147,-0.37995265386621796,0.8101732283225485,-0.22689859815724603,1.011723416801273,-0.008421011425303096,1.0232583177003496,0.04528162705665251,-0.5224099793054042,0.8000877492872929,0.17310140184275244,1.0078300590473621,0.3915789885747007,1.0154467889701657,-0.016163339267835503,-0.23211056264588603,0.82375630730857,0.02569358062209732,0.019505535746558205,0.03032315046220072,0.02284981746067365,0.005620041406205886,0.01610217815361607,0.01392878166727748,0.02569358062209732,0.02156243826236645,0.03032315046220072,0.02532329985060886,0.00566716859918392,0.015903648426515635,0.015332406162454192,0.02569358062209732,0.017602838801091588,0.030323150462200712,0.020591849979988607,0.005569372259340619,0.016303616378109526,0.01271442803413732
-0.020086715003890067,1.0062437953118473,0.20016708601811697,1.0164671900020104,0.012569322939568417,-0.37680639278969946,0.8021622859374609,-0.22008671500389038,1.0076124501164208,1.6708601811696487e-4,1.0201584131609784,0.04454299816876156,-0.5188884820725106,0.7910842047920381,0.1799132849961101,1.0050926277260128,0.40016708601811735,1.0134051977600418,-0.01731351123574776,-0.2293084777076629,0.8167226454980895,0.02555880876856065,0.019475049684262283,0.030248818668324424,0.022889510174164875,0.005670784033998237,0.016011932675455278,0.013818594198389572,0.025558808768560662,0.02151154534878851,0.030248818668324417,0.02535051972406292,0.005717107772931246,0.01581128792618406,0.015198471283333697,0.025558808768560662,0.017582433774740978,0.030248818668324424,0.020633570771922335,0.005620683536211486,0.016215398556715374,0.012624293160063933
-0.020079521151525323,1.0076412578361351,0.20321055520840928,1.0179560411034754,0.01309884335832312,-0.38446823628117355,0.7962396532116152,-0.22007952115152538,1.0093075476769835,0.003210555208409108,1.0219655231001912,0.04526481138049382,-0.5259502148310026,0.7849543420492844,0.17992047884847492,1.006232725418784,0.403210555208408,1.0146160545459506,-0.01699879207216154,-0.23757152339652032,0.8111546929378783,0.025479296834216403,0.01957189923146039,0.03022468131044398,0.02305131286612284,0.005710551441531965,0.015906515872278645,0.013772808159551576,0.025479296834216403,0.021610092658039117,0.03022468131044398,0.025522860628910314,0.005756133241777025,0.01570401489209407,0.015142939589665774,0.025479296834216403,0.017668953288487336,0.030224681310443965,0.0207769681795679,0.00566093511277563,0.01611178750318587,0.012586745416893712
-0.018635683577604357,1.0090625769885926,0.20723655794392717,1.0194078939032996,0.013287039972538661,-0.3860508013435833,0.7906383236049908,-0.2186356835776051,1.0110301402218627,0.007236557943927444,1.023727275067954,0.045663843714110475,-0.5271658382105332,0.7789574636793363,0.1813643164223961,1.0073912970776144,0.4072365579439282,1.0157948528257923,-0.017044053759676048,-0.2394948788778852,0.8060566000043281,0.02537997874404973,0.019663799612510375,0.030182628188005253,0.023210684331959813,0.00575321677572982,0.015788104647405952,0.013698446992716318,0.02537997874404972,0.021704700057307846,0.03018262818800526,0.02569364297195489,0.005797955432088782,0.015584663950385016,0.015055987034741359,0.02537997874404973,0.017749674570647047,0.030182628188005253,0.020917031555991672,0.005704193488950259,0.01599439518720236,0.012524408210518248
-0.024386556627407272,1.007332219121767,0.20505462934383525,1.0180584114191533,0.014503114190983157,-0.3945673500468323,0.7846681899731162,-0.22438655662740858,1.008909020105837,0.00505462934383613,1.0220472721996663,0.047084275558894606,-0.5350870014523569,0.772832671096877,0.17561344337259258,1.0059832171865757,0.40505462934383574,1.0147014433726318,-0.016056723479719426,-0.24859709447444509,0.8004138547831996,0.025311859634538393,0.019750933325902487,0.03016636359609137,0.0233636631021844,0.005788193856151716,0.015706878599804835,0.013672953995479544,0.025311859634538397,0.02178011790764121,0.03016636359609137,0.02584280062269394,0.005832115733731535,0.0155018978353965,0.015022881473875465,0.025311859634538397,0.0178347959545952,0.030166363596091376,0.02106007319630725,0.005739723020972302,0.015914962530932258,0.012505281409945756
-0.012138968704492903,1.0045509345893917,0.21832271196818934,1.016150871274751,0.012872247269286707,-0.38752660400794015,0.7757541359405761,-0.21213896870449295,1.0055245614965775,0.01832271196818883,1.0197028562187997,0.04564196926297415,-0.5277499811230233,0.7628045139858376,0.18786103129550763,1.0037146707719389,0.4183227119681897,1.0131508357035774,-0.017899555323128258,-0.24182390060342432,0.7925770347405046,0.02516916241495168,0.01970547421745935,0.03009083150938432,0.02339470255462935,0.005842684335507472,0.015608947591633702,0.013521180668056635,0.025169162414951676,0.021716649861563596,0.03009083150938432,0.02586384768883505,0.0058856163832177715,0.015401428519377723,0.0148433917171808,0.02516916241495168,0.01779888598500745,0.030090831509384325,0.021092194153171595,0.005794978448194277,0.01581943642159495,0.012377353861015085
-0.010787883806914799,1.0024460642680224,0.2227210892404028,1.0147940925139503,0.013373334432047801,-0.3958557324433749,0.7679116632348856,-0.21078788380691496,1.0029650622944593,0.022721089240402413,1.018026583874564,0.04630843110971694,-0.5355127775788849,0.7545368924631263,0.18921211619308492,1.0019977037727235,0.4227210892404049,1.0120504340277765,-0.017587033827523857,-0.2507007038151688,0.7853089268594832,0.025105297732195074,0.019744149593929856,0.03008391953397375,0.023504254339525927,0.005880330372285912,0.015535365855265352,0.013463185096138523,0.02510529773219507,0.021740900709566607,0.03008391953397375,0.025967462730022935,0.005922402406447143,0.01532589269155231,0.0147717517750378,0.02510529773219507,0.01784083701154308,0.03008391953397375,0.021196449337130777,0.00583323680229747,0.0157479749365153,0.0123314368557732
-0.0062645475686153055,1.0086663022814522,0.22959783985098012,1.020470848631973,0.012964823938650505,-0.3941508840839944,0.7668308157000583,-0.20626454756861456,1.0104989073964326,0.029597839850980454,1.0249334386115843,0.04605135238361052,-0.5336091257385587,0.7534790469414946,0.1937354524313853,1.007076107199153,0.42959783985097943,1.0166694800215421,-0.018171916923022835,-0.2491693330048754,0.7843662221326719,0.02501609227211555,0.0198680944056632,0.030054017852699177,0.023694773740790574,0.005923533106019317,0.01537965488845633,0.013427191848166807,0.025016092272115563,0.021878273662840914,0.030054017852699177,0.02618116460870688,0.0059647145652137685,0.015171741774172891,0.014729879518984653,0.025016092272115563,0.017944822523906123,0.030054017852699177,0.021358608476560577,0.005877099975179296,0.015590767096542392,0.012299389210367643
-0.011895304307508268,1.0003300818450245,0.22740959106342054,1.0137032253458356,0.013773459933048848,-0.4011411822067413,0.7573733343694454,-0.2118953043075088,1.0003988393746652,0.027409591063418427,1.0166536395827306,0.04702229673489522,-0.5400254475433035,0.7433684377266353,0.18810469569249214,1.0002699068742171,0.4274095910634177,1.0111711806234043,-0.017549810400252663,-0.2567152755475636,0.7756846091666274,0.024947607711921692,0.019833818763098643,0.030036416274039038,0.02373153828330264,0.005956278370598647,0.015360167372907484,0.013379728689261067,0.024947607711921685,0.021802219912951625,0.030036416274039038,0.026182080970388478,0.005996517381125276,0.015149383301753836,0.014667798784654377,0.024947607711921692,0.01793478370540298,0.030036416274039038,0.02141178493395104,0.005910556082750022,0.01557427274748099,0.012265341357542299
-0.007321092157154971,1.0054076105795386,0.2342812503082021,1.0185325233122517,0.01334340606548845,-0.40028464720125245,0.7526030390585329,-0.2073210921571554,1.0065303390388727,0.03428125030820403,1.0225136493182165,0.04673818989243711,-0.538892903886584,0.7383038078077963,0.19267890784284508,1.0044209036420482,0.43428125030820386,1.0151041455298102,-0.01814875155932072,-0.2561079081340367,0.7713355340602636,0.024860901465804858,0.019936604873137136,0.03000929412997192,0.02390394852740871,0.005996586555928897,0.015245390074517655,0.013308777885685465,0.02486090146580486,0.021914801593482254,0.030009294129971928,0.026374168212741356,0.006035868211583783,0.015034102449767528,0.014584766570394961,0.02486090146580486,0.018021191358201304,0.03000929412997194,0.0215590083945304,0.0059516021376234745,0.01546003469570971,0.012203866814397134
-0.010042724837381783,1.0003178334537417,0.2350808716572903,1.0145742826992414,0.014276169608531508,-0.41083459719202914,0.7444932748915194,-0.21004272483738162,1.0003829127888044,0.035080871657291936,1.0176698848614856,0.047813031604918454,-0.5488397001351762,0.7298445872737233,0.1899572751626193,1.0002601681542582,0.4350808716572926,1.0118897032470104,-0.017384157400006206,-0.26724374356586855,0.7637781248127262,0.02481319081887013,0.0199468716654076,0.030016909801492787,0.023985321715656364,0.006029418313210092,0.015195699032035844,0.013270234774688297,0.024813190818870137,0.021894285085540886,0.030016909801492787,0.026431307344868295,0.006067808283471561,0.01498271676586766,0.014534616563371702,0.024813190818870127,0.018046624052199176,0.030016909801492787,0.02164760881367216,0.0059850894811621655,0.015412215650015717,0.012176345151900803
-0.015174093023704793,0.99594247538625,0.23371040353212597,1.011041046543947,0.01559704440882409,-0.4225866007294781,0.7359137386603223,-0.21517409302370483,0.9951240207130718,0.033710403532126815,1.013357715012831,0.04929050025012799,-0.5599438814717981,0.7210580000875464,0.18482590697629633,0.9966744435190709,0.4337104035321273,1.0090160409178504,-0.016247550463322435,-0.2796299259359724,0.755637778800388,0.024768479511087845,0.01999057141743404,0.030026818147307607,0.024099415142091726,0.006060901493940899,0.01513816894514922,0.013218170580926475,0.024768479511087852,0.021909715954869746,0.030026818147307607,0.026523230899638834,0.006098355173751393,0.014923034392146163,0.014471558856970736,0.024768479511087845,0.01810158846528926,0.0300268181473076,0.021765306518112496,0.006017266877597554,0.015357054988018757,0.01213515073132188
-0.017092479194028128,0.9926251292919226,0.23555738287358097,1.008579545216105,0.016965693943945814,-0.4376390668500632,0.7270626236785735,-0.21709247919402774,0.9911573587124799,0.03555738287358122,1.010360638678586,0.050799733385394785,-0.5742869991427997,0.7121458220150095,0.18290752080597072,0.9939487418389727,0.43555738287357987,1.0070118012852611,-0.015046032388090269,-0.2953817359750131,0.7471184217402963,0.024740281518342008,0.020040979918557418,0.030056368952326478,0.024223430657352028,0.006092396645224101,0.015074083775810673,0.013164530914913835,0.02474028151834201,0.02193692431018165,0.030056368952326485,0.026631385380297603,0.006128876116171679,0.014856832216783997,0.014407871847396796,0.02474028151834201,0.018160391481620148,0.030056368952326464,0.02188926087655988,0.006049480102721782,0.015295379794190484,0.012091838143693932
-0.017971690774674014,0.9896475886896866,0.23800560140242405,1.006374179971838,0.01787863746184587,-0.4488454151151275,0.7177503376511376,-0.21797169077467293,0.9876122784002525,0.038005601402424795,1.007684056451194,0.05185755040571305,-0.5848432251626741,0.7026067692613424,0.1820283092253255,0.9914977236622287,0.43800560140242395,1.005213211339806,-0.014305070204219339,-0.30722665769001706,0.7382638766095385,0.024693817906442345,0.020089893783022582,0.030069143115387078,0.024345590055480825,0.006124971092891611,0.015020051235277937,0.013097785422546492,0.02469381790644234,0.021965276396525943,0.03006914311538707,0.026739061048481713,0.006160558153610499,0.0148004019653486,0.01432930461893628,0.02469381790644234,0.0182157727415465,0.03006914311538707,0.022010201818008068,0.0060827409475663835,0.01524395405428609,0.012037167862016961
-0.020422544981384388,0.9859994285840581,0.23922684781459894,1.0035541889871096,0.018957280143755584,-0.4594831359362696,0.7094113938121924,-0.2204225449813841,0.9832916915115063,0.03922684781459865,1.0042748978284513,0.053054252618807585,-0.5948622360654745,0.6941966838202202,0.17957745501861563,0.9884846028560421,0.43922684781459903,1.0029102120499713,-0.013373992672328361,-0.318471875667413,0.7302476385251547,0.024659873394159502,0.020123348389928266,0.030093875427796013,0.024450315241416463,0.006157566932887526,0.0149593959091177,0.013040167488000977,0.024659873394159502,0.021968941712520274,0.03009387542779602,0.02681959393424325,0.006192234072444393,0.014737741244347116,0.014262386630596183,0.024659873394159502,0.018262675195820543,0.030093875427796013,0.022120932885109645,0.006116025518715319,0.015185515527022317,0.011989277038422282
-0.014233456073487149,0.9826169558220653,0.24765261962925128,1.0011741032380213,0.01854024946460131,-0.46279829338087597,0.7014155061869513,-0.2142334560734871,0.9792932682573058,0.047652619629251505,1.0014099396472742,0.05275697280589631,-0.5977420800223826,0.6857693798257923,0.1857665439265128,0.9856882776421413,0.4476526196292512,1.0009621278758412,-0.013937981545146305,-0.32220351657252405,0.7228548167220739,0.024590923306803434,0.020107923691382975,0.03009095103987023,0.02451271161125243,0.006199376358856982,0.014876813873243126,0.012945688896246966,0.02459092330680343,0.021928674340808422,0.03009095103987023,0.026863246187159504,0.006232960644588892,0.014653763913142225,0.014152411985072777,0.02459092330680343,0.018260641794669463,0.03009095103987023,0.022188819827302298,0.006158707256898569,0.015104392879521264,0.011909751265861922
-0.021344650986421507,0.9798736150962974,0.24452929015702632,0.9992304764567509,0.019879733405982036,-0.47170692853313445,0.6942637654339455,-0.22134465098642206,0.9760878089805604,0.0445292901570267,0.9990779093483478,0.05421149992107954,-0.6060920522843339,0.6786890201423447,0.17865534901357866,0.9834067977423463,0.44452929015702636,0.999368747457293,-0.012738824196227239,-0.331660645204621,0.7158976757792015,0.024554718952016833,0.0201568626826755,0.03010613687638563,0.0246323246398693,0.006225678005585032,0.01483597996974836,0.012920251534228093,0.024554718952016833,0.02195116697449489,0.030106136876385636,0.026962238311989267,0.006258189264016964,0.014611226808606928,0.014122395906558536,0.024554718952016837,0.018319890295050902,0.030106136876385636,0.02231099133659017,0.006185870552240446,0.015065471007248126,0.011889701932535931
-0.019312373572161718,0.9833576045478302,0.2491978635675701,1.0025103399431443,0.019949639234398242,-0.47391071953358815,0.6905475781550402,-0.21931237357216096,0.9802550739956123,0.04919786356757066,1.0030045595346093,0.05440501968493555,-0.6079573875211942,0.6750905238087729,0.180687626427838,0.9862740356109477,0.44919786356756913,1.0020597591584712,-0.012819408940730581,-0.33418868477524344,0.7123095425471849,0.024491426957214502,0.020262711455428947,0.03010519770730605,0.02481350679338043,0.006262212110712484,0.014722428485242868,0.012870017006619478,0.024491426957214506,0.022054470244943974,0.030105197707306058,0.027149448475539004,0.006293612621049867,0.0144979338003236,0.014064517438656811,0.0244914269572145,0.018416413154957924,0.030105197707306058,0.02247405674087188,0.006223327715709466,0.014951779278855272,0.011846288286818546
-0.02350869856751161,0.9820895573189053,0.24867907932195418,1.001632582466684,0.021228681022256057,-0.48234316314747877,0.6845802660823566,-0.2235086985675122,0.9788024968322123,0.048679079321954886,1.0019499895071853,0.05581336972847173,-0.6158860800234451,0.6693154566580309,0.17649130143248773,0.9852112377285335,0.4486790793219565,1.0013407190020724,-0.011697746783366492,-0.343114053638387,0.7064394086942918,0.024454023547834547,0.020346040282810254,0.030125279960538872,0.024972038381519082,0.0062914276491808615,0.014652290606783048,0.01283549838707628,0.02445402354783454,0.02211726865044595,0.030125279960538865,0.027293601911726067,0.006321705868273264,0.014426977968270568,0.0140247904292353,0.02445402354783454,0.01850371441376973,0.030125279960538872,0.022628524931766814,0.00625345939126754,0.014882665180544919,0.011817397373172604
-0.017363421481999035,0.9847948128766372,0.25719999902629465,1.0043668528932548,0.021063748338222832,-0.48621487033191474,0.6778627986330321,-0.21736342148199841,0.9820298433330515,0.05719999902629441,1.0052097312397423,0.05575274737310776,-0.6193283950664707,0.6625971039802632,0.18263657851800139,0.9874384485555722,0.4571999990262932,1.0035875010429534,-0.01199494665818479,-0.34740539418875455,0.6999472104293095,0.02440139427392894,0.020423536076852485,0.030141097434819724,0.02512846199082829,0.006330675220851567,0.014547867116816141,0.012740166304753808,0.02440139427392894,0.02218844170702512,0.030141097434819717,0.02745220847904912,0.006359811089423815,0.01432120022921477,0.013918000131947272,0.02440139427392893,0.018576605566488373,0.030141097434819717,0.022771419131578676,0.006293653952473266,0.014779776076853343,0.011733153927920776
-0.01909849406596351,0.9824608823077922,0.25861921106645946,1.0026638643301633,0.02162475716912099,-0.4897021972259309,0.6708420272424176,-0.21909849406596305,0.9793233623464813,0.05861921106645933,1.0031712036785159,0.056422975045895885,-0.6224025493521218,0.655500733689532,0.1809015059340366,0.9854913518837055,0.45861921106646086,1.0021907200057936,-0.011571714798772781,-0.35128938912386315,0.6932308551080197,0.02435135763070549,0.020463665558885142,0.03015114451970121,0.025245373542713095,0.006362923477119876,0.014486921796186372,0.012677174995600863,0.024351357630705492,0.022202313024790712,0.03015114451970121,0.027547815909433428,0.006390933094074281,0.014258764471186685,0.01384631147271966,0.02435135763070549,0.018627166651735885,0.030151144519701203,0.022891222741531093,0.006326854718106048,0.014720416623518353,0.011679159015494742
-0.008445109225931549,0.9820838376577196,0.27053048184624484,1.003027180455623,0.01997561717873164,-0.48383192022535104,0.6634045636610414,-0.20844510922593235,0.9789054308175595,0.07053048184624464,1.0035995905343407,0.054852380549387625,-0.6163258894729674,0.6474300882413682,0.19155489077406831,0.9851700738102906,0.4705304818462471,1.0024908443786085,-0.013326464174465924,-0.3455993323605189,0.6865419817877659,0.0242682249720015,0.02044538605498397,0.030139665674023635,0.02530819382939331,0.00640723272295381,0.014403768414971459,0.012558190449571183,0.0242682249720015,0.022168260726670462,0.030139665674023635,0.02760102399776103,0.006434152838164103,0.014174201349825964,0.013709836950435466,0.0242682249720015,0.01861668569285575,0.030139665674023642,0.0229539699234539,0.006372111916428493,0.014638577194528747,0.011576955019275172
-0.0132338302016459,0.9861449490236304,0.26934564302643776,1.0066811588332156,0.020956737363547917,-0.4883250208718614,0.6592314828369954,-0.21323383020164632,0.9837235489611229,0.06934564302643749,1.007930071872741,0.05593286960435345,-0.6203691948276706,0.643756220649535,0.18676616979835536,0.9885211313559114,0.46934564302643766,1.00550102395778,-0.012472311914558054,-0.3505391353703404,0.6821706503616536,0.024228549083111308,0.020580901359760723,0.030156458593889643,0.025517678881025654,0.006434865732849979,0.014325976066878963,0.012530622390632217,0.024228549083111308,0.022294228030881134,0.030156458593889643,0.027809159534360767,0.006460616300157344,0.014095509906628086,0.013680706009160942,0.02422854908311131,0.01874503629372912,0.030156458593889643,0.02314742227250214,0.006400738205475916,0.01456192770921051,0.011551017256519568
-0.015747547093338424,0.9841172151688745,0.2699271946277413,1.005320927376177,0.021261631412741178,-0.4899816932966797,0.6526879004021843,-0.21574754709333782,0.9813909878116043,0.06992719462774098,1.0063011681151652,0.05632385197834011,-0.6216844053405562,0.6371638455179458,0.1842524529066615,0.9868216734605119,0.4699271946277412,1.0043862417247196,-0.01228140962119495,-0.3525189292755964,0.675901045824707,0.024175764468846672,0.020607491081598175,0.03016222765297438,0.02562078253398496,0.006465508913834738,0.014267146267821901,0.012469134557735718,0.024175764468846665,0.022291820965713617,0.03016222765297437,0.027887654387328393,0.006490120390515658,0.01403525472574229,0.013611076771202633,0.02417576446884667,0.018784751453847382,0.030162227652974362,0.023256308289655903,0.006432367489343002,0.014504607778455907,0.01149788338514623
-0.009064373120868633,0.9942406589294203,0.27859210528763206,1.0142429755949125,0.02047392699961803,-0.48425612960844017,0.6516175302236538,-0.2090643731208682,0.9932587931110682,0.07859210528763204,1.0168545692806334,0.05561140760951877,-0.6158949747564668,0.6362150783718458,0.1909356268791316,0.9952211817536439,0.47859210528763013,1.0117403342523865,-0.013173202040145549,-0.34683350691713294,0.6749413279062225,0.024115292830314362,0.020764201043431598,0.030171810633335,0.025856382375145075,0.00650453966620469,0.014129601700464185,0.012408147222915658,0.02411529283031436,0.022459323539277973,0.030171810633335,0.028146103483880903,0.0065279939006675485,0.013898966901717236,0.013540217405017069,0.02411529283031436,0.018919223693727807,0.030171810633335006,0.0234592880095968,0.006472401256135751,0.014365810614727149,0.011444619145898505
-0.007652320576438967,0.9968795981472321,0.2828904351581709,1.016769841918333,0.020711580949672515,-0.4866534177473658,0.6468893797138556,-0.20765232057643873,0.9963556150038672,0.08289043515816844,1.01980858586574,0.055928479637491646,-0.6179387117370277,0.6317180303017288,0.19234767942356068,0.9974081384748035,0.48289043515817465,1.0138343343185496,-0.013044902777795409,-0.3495731976534829,0.670259379530212,0.02407412303097254,0.02085315744450776,0.0301963941343794,0.026024612941281108,0.0065373960741159105,0.014041303034925604,0.01235089861940692,0.024074123030972536,0.022533275054829736,0.0301963941343794,0.028306676428397303,0.006559690629643468,0.01381018065503063,0.013475984545567823,0.024074123030972536,0.01900790956352148,0.03019639413437941,0.02361861720788505,0.00650625522109503,0.014278138177732486,0.011394099909081284
3.544802227422576e-4,1.000801275416046,0.29284861094200276,1.0205180038702617,0.019981073657959814,-0.4844583886085963,0.6422050734249296,-0.19964551977725747,1.00093445270506,0.09284861094200261,1.024206146808614,0.05527042583999098,-0.6155588190918578,0.6269312064788544,0.2003544802227419,1.0006659420390072,0.4928486109420029,1.0169339229537446,-0.0138778053289495,-0.3475362395676216,0.6659047122465145,0.024022073050709754,0.020930479181102368,0.03021795525587304,0.026186278725563342,0.006576380781071509,0.013933674134812727,0.01226185074069736,0.024022073050709754,0.02260369742820026,0.03021795525587304,0.028470107900413495,0.006597485593591476,0.013702490087872495,0.013374361402111113,0.02402207305070975,0.019080586246138277,0.030217955255873046,0.02376634510446111,0.00654627931723489,0.014170553804618928,0.011316764074878208
0.0033460226275456137,1.008188289093949,0.2982543001192775,1.027137210946004,0.019593714672030804,-0.48243198313781893,0.639758055145986,-0.19665397737245383,1.0095346594010115,0.09825430011927742,1.0319765913087116,0.05494959013067102,-0.6132781204253535,0.6247554663340797,0.20334602262754453,1.0068085738498584,0.49825430011927546,1.0224039455079321,-0.014359638464333024,-0.34575877100284996,0.6634610343754891,0.023969890662588367,0.021060722015557184,0.03023196222486431,0.026396889678984774,0.006610122989351575,0.013830627902810578,0.012214790806966629,0.023969890662588363,0.02273348358644574,0.03023196222486431,0.02869523961636303,0.006630036824053923,0.013599869332577891,0.013320281969824146,0.023969890662588367,0.019197573770105322,0.030231962224864316,0.023953624902938248,0.006581074796404004,0.014067171394147638,0.01127558057480507
0.00998255551023114,1.0093143128363578,0.3066602629566174,1.028760929834288,0.01846941333202118,-0.4761452539013051,0.633944098327285,-0.1900174444897676,1.0108292931885554,0.10666026295661658,1.0338444514084113,0.05388280695354192,-0.6068215819205268,0.6186235352231215,0.209982555510231,1.0077507965498618,0.5066602629566153,1.0237592878919606,-0.015568260104816822,-0.33962270868442224,0.6581266205422129,0.023907612142794157,0.02108049882831652,0.030239333614018298,0.026501867943164684,0.006646658484210541,0.013762688908706043,0.012128789673122567,0.023907612142794157,0.022738426061581073,0.030239333614018298,0.02879259538956617,0.006665399669887733,0.013530586724030793,0.013222110112864682,0.023907612142794157,0.019222012824011262,0.03023933361401829,0.02405458990138213,0.006618668693583351,0.014000538731714371,0.011201208141265424
0.014082761635162335,1.0151537218605298,0.31311475617982837,1.0341392435957553,0.01826230577399479,-0.4771661011929295,0.6283296987124073,-0.18591723836483776,1.0175953539385496,0.1131147561798297,1.0401295698268245,0.053752451333653195,-0.6075465525985017,0.6131251740743396,0.21408276163516302,1.0126140755770183,0.5131147561798278,1.0282086199557643,-0.01587924318180961,-0.34092262586511274,0.652652799716492,0.02386146677136461,0.021205455480594836,0.030261920254066526,0.026712486956018675,0.006678219669142655,0.013679129637861678,0.012050845903841019,0.02386146677136461,0.0228632651148699,0.030261920254066526,0.02901373781121932,0.00669573955989307,0.013446031747146495,0.013134939190941188,0.023861466771364612,0.019334051416847818,0.030261920254066533,0.02424220076606911,0.006651326919579892,0.013918057815605556,0.011132284560132589
0.01594064584887423,1.0092314776665474,0.3180281660115725,1.029477832453739,0.018712451554741827,-0.48495239294801495,0.620059186275901,-0.18405935415112631,1.0106845874160009,0.11802816601157325,1.0345522519575956,0.05426413021626991,-0.6148158731834474,0.6050370792799236,0.21594064584887424,1.0077005258464826,0.5180281660115741,1.0243997886919025,-0.015523306407912552,-0.3492195261623452,0.6445115184889096,0.023836188598948607,0.02118364335497847,0.030307218234499257,0.02677836875938644,0.006709237349295069,0.013621818677919515,0.011972663728492396,0.023836188598948607,0.02279780842405711,0.030307218234499264,0.029033344908411293,0.006725577790611983,0.01338722095354988,0.013049329053152398,0.023836188598948607,0.019339686359640836,0.030307218234499264,0.024325941004096706,0.0066833752538158825,0.01386241386573093,0.011063067615194579
0.013405918036477471,1.009247430761028,0.31881021965881756,1.0299679118556109,0.01913902750520957,-0.4879002319080733,0.6144161992988578,-0.18659408196352195,1.0106737739471938,0.1188102196588187,1.0350442929692663,0.05473256306955654,-0.6174132965900132,0.5996584512798213,0.21340591803647718,1.0077263581229512,0.5188102196588216,1.0248380904074827,-0.015166245272378531,-0.3525041389308766,0.6388988207757518,0.023803340131875156,0.02122633055345062,0.030335207117675105,0.026899274148768762,0.006734558832555677,0.01357422242699806,0.011931737800138441,0.023803340131875156,0.02281232284277811,0.030335207117675105,0.02913049901406621,0.006749827421119344,0.01333855896065128,0.013003865293637253,0.023803340131875152,0.019394448419380095,0.030335207117675105,0.024451194518719143,0.006709656046922726,0.013815990650723715,0.011027213226236536
0.0075487165740862425,1.0178255819071755,0.31710184709113154,1.0372692517377853,0.020566196808806225,-0.49764724738095045,0.6111229365056474,-0.19245128342591386,1.020518445699725,0.11710184709113233,1.0434887902867092,0.05620338551359355,-0.6266078584313107,0.597525295324803,0.20754871657408616,1.014912718721027,0.5171018470911299,1.030918087024898,-0.013812150834252246,-0.3628043858001998,0.634882142597489,0.023791538540767224,0.02141698026706931,0.03038287072735642,0.027166539330364198,0.006756257768885038,0.013496569177409393,0.011918064061580608,0.023791538540767227,0.022992428308443096,0.030382870727356428,0.029398206489003025,0.006770371075441864,0.013260490892233575,0.012992821145161575,0.023791538540767224,0.019574028247323263,0.03038287072735642,0.02469637294962438,0.006732375653986001,0.0137390569716378,0.01101097074516906
0.006580546721585148,1.019311930902583,0.3191692489113206,1.0388350165407434,0.0208518021562899,-0.4991239516643066,0.6059365870467855,-0.1934194532784151,1.0221689881842706,0.11916924891132087,1.0452117243482075,0.0565386887402205,-0.6278111918734955,0.5925893343315635,0.2065805467215856,1.016181116333694,0.519169248911322,1.0322566105120672,-0.013605372599824528,-0.3645363085811394,0.6297279807698426,0.023755711024832787,0.021482275561738342,0.030411875432582985,0.027314772009453293,0.006783902300083448,0.013428974871538029,0.01185853109074441,0.023755711024832794,0.023032104634494448,0.030411875432582985,0.029526407082984128,0.006796799646277166,0.013192042677731526,0.012926365919880733,0.02375571102483279,0.01964772965330535,0.03041187543258299,0.024844353030025378,0.006761118526191753,0.013672409888784244,0.010958255394343988
0.006147409276765202,1.0204065463326,0.3219443877754249,1.0401725130927284,0.0216513444675836,-0.5045391844846275,0.6000555423596917,-0.19385259072323496,1.0233677805986712,0.12194438777542492,1.0466718934444588,0.057402821572499374,-0.6328199114713345,0.5871545646749862,0.20614740927676511,1.0171211123604342,0.521944387775426,1.0334019664467788,-0.012897888823119263,-0.37034903371392874,0.6237287446902829,0.023731811154234287,0.021561557364332514,0.030454210852519512,0.027483833281097048,0.006809420382156439,0.013370850703206118,0.011806731142438003,0.023731811154234287,0.023089206040358516,0.03045421085251952,0.029679925079891905,0.006820917796562136,0.01313295485573461,0.012870091713913389,0.023731811154234287,0.019732621158146734,0.030454210852519512,0.02501246420635292,0.006787895131839894,0.013615400866669163,0.010911466748894871
0.020011792198277093,1.0251111956359085,0.3366910059484784,1.0451267107586,0.01981054720372205,-0.5008786669983654,0.5930661133884336,-0.17998820780172248,1.0287469795122925,0.13669100594847747,1.0524120598725821,0.05559315575350049,-0.6289923586657264,0.579865999904788,0.22001179219827643,1.021066192441135,0.5366910059484784,1.03751898331318,-0.014795243744828712,-0.3668279861112361,0.617241910866279,0.023681110395841296,0.021609511948064222,0.0304861041211842,0.027629237642888025,0.006847838075355303,0.01328539466767094,0.011686431414501106,0.02368111039584129,0.023141324733356165,0.03048610412118421,0.029840124775137707,0.006858112570585979,0.013046430218620304,0.012734686756129227,0.0236811103958413,0.01977140926659329,0.03048610412118421,0.02513775634979118,0.006827454432133628,0.013530951194838124,0.010805809515639845
0.025488300454183457,1.023385877412795,0.34423885545228383,1.044264319042363,0.01923972092415982,-0.5010046801421897,0.5850752755005657,-0.17451169954581697,1.026716606983216,0.14423885545228338,1.0513139266453448,0.0550701282645224,-0.6288444564065377,0.5717852911914323,0.22548830045418378,1.0196428838297227,0.5442388554522823,1.03684067695524,-0.01544241476198227,-0.3672059933643188,0.6095661168794004,0.023639668644278286,0.021616451050480247,0.030519035663000637,0.0277289567660499,0.006879406406192926,0.013228503000209935,0.011584726966107071,0.023639668644278293,0.02312330987147757,0.03051903566300063,0.029918387438673234,0.0068884179943126895,0.01298759418351057,0.012623673856400295,0.023639668644278286,0.01979145084678651,0.03051903566300063,0.02524284318993305,0.006860191514629518,0.013476036703199634,0.010715856268975501
0.021230865279087435,1.0286532998977498,0.3437732127469462,1.048976738144068,0.020493038087254833,-0.5116164111621821,0.5796899891401828,-0.17876913495665583,1.0326505354453817,0.14377321247965433,1.0566576334403257,0.05637012714957573,-0.6388592090006118,0.5673947317556827,0.22123086527908753,1.0240973140561989,0.5437732127469485,1.0408014678623436,-0.014262656061924228,-0.37842649782583254,0.603589843311516,0.023623637352928648,0.021762962940821244,0.03056489991822312,0.027960994737446298,0.006899117148727514,0.01317316026862362,0.011554351058706057,0.023623636118848622,0.023254038964271424,0.030564899922607424,0.030143368209886095,0.006906887213859683,0.012931323548498483,0.012594391891260352,0.02362363735292865,0.019933717705004007,0.03056489991822311,0.025460383818916382,0.0068810411747009985,0.013421912848785137,0.010685052898966077
0.021020971112945864,1.0287584365542946,0.34684192524246055,1.0496294769082597,0.02106508309200006,-0.5176224041164007,0.5729907488435992,-0.1789790289674578,1.0326840389089893,0.14684192514448072,1.0572835954063182,0.05696558624742504,-0.6444411438625909,0.5612038417055446,0.22102097101148124,1.024225735389763,0.5468419251177968,1.0414001090845035,-0.01374143014597684,-0.38486776498059294,0.596691773840618,0.023607536046261732,0.021806982716385235,0.03061648366050483,0.028092945203905546,0.006923330740220421,0.01312705811044923,0.011497945640924672,0.023607535230009382,0.023270092669317417,0.030616483662103545,0.030252136387057597,0.006929884918573413,0.012883734489752156,0.012534666399987866,0.023607534953314573,0.019990635426227307,0.0306164836625382,0.02559678014481633,0.0069063699760070025,0.01337733652705783,0.010632581984733602
0.021971895928221845,1.0339965046256876,0.3504878855496214,1.0542539265971254,0.021002770704238116,-0.5172146718298755,0.5687552896009093,-0.17802810413087922,1.0385458951571434,0.1504878854755807,1.0624979159833128,0.05693792091105809,-0.6437977583156383,0.5573624696568594,0.2219718958487225,1.0286727281982044,0.5504878854489332,1.0453007205852318,-0.013867691888786116,-0.384683643082381,0.5923476360889188,0.023572547723483907,0.02191813775633569,0.03065147167357077,0.0282928472574309,0.006950754435361079,0.01305096393727451,0.011433907665182486,0.023572547036484676,0.02336479922548289,0.030651471674774042,0.030443722173556592,0.006956068546173643,0.01280687128141996,0.012463613135124294,0.02357254673450116,0.02010033138730481,0.030651471675206477,0.025785352647873815,0.006934955044600551,0.013302117678490105,0.010574659700178603
0.02549342877784218,1.0368018828504915,0.35647516868741214,1.057170004484553,0.020705829228232386,-0.5163794630590479,0.5635534811139504,-0.17450657126380653,1.0416411354746453,0.15647516863353042,1.0657408498889807,0.056660380661878396,-0.6427568676907641,0.5523643085292482,0.2254934287165541,1.0310750969136873,0.556475168606966,1.0477813448855147,-0.01421193937855797,-0.3840351988455882,0.587217976003946,0.02354336615968927,0.02198034077501218,0.030695497739815357,0.028445697528175797,0.006978514663452808,0.012990981895794954,0.011368678116185315,0.023543365605868297,0.02340894331426013,0.030695497740687753,0.030585175054223455,0.006982659384726838,0.012746061854378016,0.012391001631591717,0.023543365279021372,0.020166919537195436,0.030695497741117347,0.025933407878188833,0.0069638082588510085,0.01324300560835851,0.010516711335461603
0.031227574363279977,1.0420382385024234,0.3645518359209655,1.0617187355105138,0.02046223852820761,-0.5184691040748376,0.5586661708727607,-0.16877242566450504,1.0474630867526773,0.1645518358839661,1.0708433680144063,0.0564461115893104,-0.6445253227270097,0.5479681279230898,0.23122757431649266,1.0355363556372426,0.5645518358575192,1.0516293874834923,-0.014517306782087513,-0.38643971409635797,0.5821582511365755,0.023520209192816117,0.02209194430526898,0.030753450386868747,0.02865117692150357,0.0070092450419812794,0.012899459550949163,0.01128488551773883,0.023520208781187563,0.023505980144953174,0.03075345038746561,0.03078465111759494,0.007012098873836874,0.01265404192994462,0.012299428643998548,0.023520208436272828,0.020276365820013072,0.03075345038789187,0.026126675202042794,0.0069957378368945946,0.013152080743257601,0.010440207288407737
0.045335727919013094,1.0509624359752154,0.3797474379023426,1.0701119553139191,0.01884357614022575,-0.5144640163493337,0.5537731092150352,-0.15466427253582957,1.057531137739553,0.17974743733884285,1.0804738850137816,0.05482979402901045,-0.6404317138320269,0.5430488096956065,0.24533572788471078,1.0430693361766448,0.5797474378534033,1.0586364887891222,-0.0161649492236961,-0.3824917828322941,0.57754914854376,0.02349305327970552,0.022199458876129646,0.030815063276909423,0.028861262407207582,0.0070449761360495255,0.012804803754901542,0.011182146962786998,0.023493050810524885,0.02362606821302614,0.03081506328598953,0.031022893711662194,0.007046575859416928,0.012559179597447012,0.012184154923650823,0.023493052640525234,0.020364640701858748,0.03081506327769531,0.026303932682753606,0.007032641462813588,0.013057563630612404,0.010349809782803527
0.04817475769458391,1.0493749142751216,0.38542490374417504,1.0691192884213663,0.019005249340013464,-0.5183791068895645,0.5470737540283956,-0.15182524246448603,1.0555766691028619,0.1854249035320359,1.0791312308296421,0.05500793482584421,-0.6439804422693984,0.5367989834885887,0.24817475748063914,1.0418082145519665,0.5854249034536976,1.0578996177079516,-0.01605136031601956,-0.38676668299396677,0.570699881438858,0.02347806366025654,0.022223524243769124,0.03087796754813424,0.02897890094729648,0.007071863385299129,0.01274721173574559,0.011104630955744368,0.023478062090386755,0.023615379058722484,0.03087796755153824,0.03110752292076609,0.0070722268956617965,0.01250002618542814,0.012101162127820947,0.02347806124925262,0.02040801523829871,0.030877967552793997,0.02643380754183064,0.007060691151111599,0.013001665889893719,0.010278223476109518
0.04692243134010515,1.0529587094523178,0.38789853757906,1.0725258381079346,0.020065547593775435,-0.5280411251169133,0.5414855369939293,-0.15307756877506867,1.059447335280039,0.1878985374224946,1.082843920161098,0.05606961659150683,-0.6531514369108491,0.5322145345928857,0.24692243117133947,1.0449182012282459,0.5878985373439781,1.0608328522648902,-0.015020635601414534,-0.3969204021017334,0.5644809300378579,0.023479698272213956,0.022325005611675646,0.03095049619377898,0.029170980086545464,0.007092408700637648,0.012693280999904886,0.011059759982518807,0.02347969703724536,0.023692707911569647,0.030950496196287064,0.031282877002789145,0.007091572619475585,0.012444948150979759,0.012055874310682798,0.023479696137746593,0.020515683561739866,0.030950496197543576,0.02662203736918898,0.007082357893761921,0.01294913069318228,0.010233015456484668
0.05240655451657957,1.0548658034346434,0.39600621622386084,1.0747815507638798,0.020199775508784323,-0.5328686924172378,0.5348370130332233,-0.1475934455618918,1.0614761947384723,0.1960062161149769,1.085285714875784,0.05621516593941672,-0.6576188516098895,0.5260977318792593,0.2524065543862578,1.0465843693465957,0.5960062160367178,1.06277836168673,-0.014925527654623905,-0.4020980615118839,0.557605757931608,0.023473088900419367,0.022395874324021105,0.03102509172432917,0.029344870550057568,0.0071183617395246136,0.01263775767098533,0.01098499164964716,0.02347308800964398,0.023747720718603725,0.031025091726068498,0.03144828609758398,0.00711620675007334,0.012387991014256385,0.011976508745901667,0.023473087064738857,0.020589933277392516,0.031025091727317614,0.02678884643498061,0.007109562128348213,0.012895175258263772,0.010163263000734519
0.05311229451860599,1.0541798491139283,0.39980881211528563,1.0746023459219645,0.020736362545948628,-0.5424050342179809,0.5277091154252469,-0.1468877055306611,1.0605373686876773,0.19980881204618423,1.0848695109024793,0.05676987279450063,-0.6666507634814783,0.5197948726461089,0.25311229441867544,1.0460837957564564,0.5998088119679126,1.0627218008841284,-0.014436090216407127,-0.4121379065993105,0.5500157554850146,0.023460379618246367,0.022445242719704214,0.03108747160670615,0.02949053584743698,0.007140826521924293,0.01258573177846249,0.010918143694006002,0.02346037906012161,0.023769172670576096,0.031087471607806998,0.03156437543408232,0.007137428547601243,0.012334779552943508,0.011908319008387082,0.02346037807460044,0.02065453007083617,0.03108747160905347,0.026942176380184153,0.0071332179171061,0.012844527582201894,0.010098537686627176
0.05517645278198472,1.0525737595138625,0.4050265379519199,1.0737594360937113,0.021238677359422975,-0.5523382331419123,0.5199894221591218,-0.14482354724362315,1.0585776222449719,0.20502653791639955,1.08370345198501,0.05727066750636345,-0.6759942358781431,0.5129916861936207,0.25517645270672457,1.0448049773154904,0.605026537838152,1.0621134086322122,-0.013961607841368073,-0.4226700766464749,0.5417182804673997,0.023458222040822912,0.02246905413725323,0.031163773018031832,0.029611302885328292,0.0071646978238392185,0.01253855424932231,0.010846549493151716,0.023458221800642713,0.023759481663382934,0.03116377301859649,0.03165300568998756,0.007160045040922663,0.012285826647941252,0.011836686446658492,0.023458220783282302,0.02069824320094458,0.031163773019839712,0.027075427495738935,0.007158283622185181,0.012799321010468283,0.010027633116401117
0.0503356051767299,1.0512902822252088,0.4042176741432983,1.0728299969906212,0.022612053862475223,-0.5625380164625785,0.5137200511748468,-0.14966439482978963,1.0569319891037923,0.20421767413601788,1.0823783176212354,0.05865380708139606,-0.6856472583593389,0.5078250148410285,0.2503356051212419,1.0438220069699746,0.6042176740573867,1.061458033590423,-0.012627303231668607,-0.4334236616601177,0.5346956218077047,0.023453352237552,0.022522971840831966,0.031227184893505674,0.029756577998255818,0.007182378004144323,0.01250085152713376,0.010803634846552742,0.02345335229504352,0.023769873285009405,0.03122718489362128,0.03175390247240152,0.007176458409274057,0.012246456951515505,0.011795490546458733,0.02345335123800795,0.02077575587562087,0.03122718489486865,0.02723783452421792,0.0071771836300543275,0.012763530342575932,0.009982655785341788
0.047602596991186664,1.0499041480617004,0.4053191592818492,1.0719909317064917,0.023647238682138805,-0.5706043056742781,0.5077604029055484,-0.15239740299978619,1.0551946791624596,0.2053191592985476,1.0811790196358468,0.05967798254776424,-0.6932311789018522,0.5028601758760601,0.2476025969518383,1.042747573091403,0.6053191592196479,1.060876550441892,-0.011610345785138143,-0.4419767161981475,0.5280688670503773,0.023452990368240913,0.02255298730393725,0.03129846164821847,0.02987414512415735,0.007202188302214453,0.01246116790733433,0.010757155918113418,0.023452990705504672,0.023753653828555,0.031298461647953926,0.03182822204891055,0.007195055815322546,0.012205116474183614,0.011749353158357404,0.023452989618811985,0.020828827540959313,0.03129846164920367,0.027375253348356512,0.007198147965954414,0.012725720655200282,0.009935202719248587
0.047147745449633426,1.0415808490356644,0.4082807125354163,1.0658198309256828,0.024315462122198483,-0.5806078967071148,0.4988237558474539,-0.15285225452901824,1.045834265445099,0.20828071257237502,1.0739910459563717,0.06033392202056059,-0.7026151359044386,0.49478065701949264,0.2471477454236817,1.0357141134535006,0.6082807124933484,1.0557859822037718,-0.010956834892823453,-0.4525694210015107,0.518583064752428,0.023449688250275713,0.022473775378933934,0.031369024826478895,0.029888870226967554,0.007222913493909799,0.012445260393610543,0.010695265959212158,0.023449688848635606,0.02362400364527388,0.03136902482589466,0.031785194723015886,0.007214550598901208,0.012186707993459025,0.011690255686551469,0.023449687732673166,0.02079100695880571,0.03136902482714386,0.027428588961385898,0.007220053136209755,0.012712688717857417,0.009871486005620463
0.05406435885590424,1.0431285929048455,0.4170716508853228,1.067890505018794,0.023460251189417913,-0.5758092606392816,0.49355118644147633,-0.14593564109596105,1.0474641085692993,0.21707165093903308,1.076208521336874,0.05947169687169224,-0.697769398781483,0.489557921966565,0.2540643588345153,1.037081464027362,0.6170716508603887,1.0575913249341695,-0.011831235502093251,-0.44778646753613965,0.5134951214518803,0.023428536195415104,0.02250690994520189,0.03143166812432017,0.03002633521444263,0.0072510722983856225,0.012390239720102971,0.010614152759174668,0.023428536194804443,0.02364099858507627,0.03143166812347411,0.03191172479732108,0.007241429475748176,0.012130536411505346,0.011600047635464409,0.023428536195688666,0.020830736426675805,0.031431668124712944,0.027563757119985488,0.007249457023813987,0.012658793535837634,0.009799464893038236
0.053765572062499566,1.048354582838819,0.420226420207459,1.0726264667939815,0.02404780049869376,-0.5806129224550072,0.4896670852986433,-0.1462344278768762,1.053073952072887,0.2202264202757829,1.0813491594558662,0.06003331626906527,-0.7022050886103613,0.48669559901786597,0.25376557205357975,1.04164744603809,0.6202264201967036,1.0616916404672185,-0.011245207485542918,-0.4529576125984709,0.5089426631741155,0.023428394405471276,0.022608302056390552,0.03150709121892127,0.030222432256913595,0.007271829033188559,0.012335185332494204,0.010573829913985103,0.023428394404703682,0.023718975855119822,0.031507091199512574,0.0320920764166412,0.007261020995135849,0.01207482095372137,0.011557936259863701,0.023428394405585765,0.02094108923335845,0.03150709122101986,0.027755889139822736,0.00727134052223928,0.01260456004574805,0.009759162728804909
0.050727767088173455,1.055010945898787,0.4208271433280747,1.078352333987191,0.024917175367341504,-0.5873247558617748,0.4860660757370831,-0.1492722328405591,1.0602040717104777,0.22082714340914966,1.0875558143761772,0.06089379545251994,-0.7085394076671206,0.48425436864299487,0.2507277670897341,1.047464672285742,0.6208271433293598,1.0666453791263173,-0.010393797897337353,-0.46004513651808426,0.5045468907638365,0.023420500784688075,0.02274586746851223,0.03157001122783791,0.03045586338235069,0.007289912078591476,0.012274339116764366,0.010533938408759129,0.02342050078378852,0.023832246391032947,0.03157001116872774,0.03230953114010654,0.007277856121564916,0.01201340279182598,0.011516175216157146,0.023420500784669934,0.021081868686475977,0.03157001122451781,0.027981307661375375,0.00729063992202252,0.012544485640183093,0.00971877915009763
0.04627572594075995,1.0513918192784617,0.42009033724143285,1.0759228326424812,0.025786647228561277,-0.5925734598297623,0.4800714534484219,-0.1537242739788848,1.0560478570047724,0.22009033733339986,1.0845772516675494,0.06174955166778151,-0.7133689379650625,0.47913714431110405,0.24627572595116556,1.044457742608429,0.6200903372530004,1.064719205172042,-0.00953552127164975,-0.46571198072968345,0.49797734665638665,0.023408794360231227,0.022733906493174458,0.03162508679213117,0.03053705195628897,0.00730630706080306,0.012259506961605429,0.010501112751858176,0.023408794359220424,0.023775051507069146,0.03162508669194861,0.032340905906657225,0.007293068498772074,0.0119967909082802,0.011484778892185485,0.02340879436010203,0.021101687901326903,0.03162508677567103,0.028089794733659877,0.007308199204998232,0.012531584973742696,0.00968384217802597
0.053141337794584624,1.0577299989620919,0.42927039504100034,1.0818099890747341,0.025607720310293125,-0.5990996521145219,0.4742388250540745,-0.14685866211825327,1.0628675064200916,0.22927039514134484,1.0910271727287997,0.061553634149490555,-0.7195085619139628,0.4742012308978498,0.2531413378122794,1.0499803084668797,0.6292703950611296,1.0697800237099435,-0.009724592273805954,-0.47261807748292245,0.491544793903566,0.023408129803852727,0.022850457387010227,0.031714092688115106,0.03076302990232031,0.007331591454506328,0.012186651540099448,0.01041439182046778,0.023408129802760105,0.023883509066822725,0.031714092526678714,0.03256991713450088,0.007317022669066884,0.011922478979395813,0.01139362403085054,0.02340812980363277,0.021212875162289348,0.031714092649277506,0.028297791840050608,0.007334776504752425,0.012460353583543726,0.009600014379017259
0.049874981332520905,1.058102521331012,0.4297933835307883,1.0824401659116478,0.026660161324183584,-0.6055687255756328,0.4701364657979125,-0.15012501882964918,1.0630584165364927,0.22979338334453062,1.0914602753847626,0.06258881035412056,-0.7255926081810142,0.47122287498762205,0.24987498135645916,1.0504247299215101,0.6297933835581735,1.0704548139588135,-0.008681810880361074,-0.4794706428138563,0.4866664702730293,0.023406312701950347,0.0229041603799804,0.031785006994450006,0.030915557692542128,0.007348630484957633,0.012144518533537778,0.010382368928596576,0.023406312704091242,0.023898356951432134,0.031785006894261045,0.03268376273170219,0.007332804890943741,0.011879496863394226,0.01136089143626201,0.023406312701653092,0.021288511254171687,0.03178500693395277,0.02846489293898832,0.007353053356437355,0.012419264174281724,0.009566333412565126
0.04663582832842697,1.0546400361278607,0.4301566551444347,1.0799811355611877,0.02741161046113566,-0.6122128476839839,0.46420154391341795,-0.1533641716713589,1.0590870440378712,0.2301566551444298,1.0884462238598591,0.06331958904304147,-0.7317880796942267,0.4662926288798398,0.24663582823564367,1.047550519543734,0.6301566550373556,1.0685100962290188,-0.00793632545284051,-0.4865657098283909,0.48002256975719115,0.023397873847724515,0.02289497853333755,0.03184871519362786,0.031003683798405065,0.007366277041247157,0.012115370990657653,0.01033586360564286,0.023397873847757916,0.02384269441425911,0.031848715030948965,0.032719737106448585,0.007349245533459235,0.01184845402144928,0.01131478027702267,0.0233978738489281,0.02131254471815444,0.03184871521142658,0.028582143651145035,0.007371900451546538,0.01239219624517121,0.009517908068567007
0.045372451214310335,1.0418051010260374,0.431943870685343,1.070172277729027,0.027615572668839516,-0.6151810449270458,0.4564812548970826,-0.15462754876129142,1.0450464649825433,0.2319438707127654,1.0773289323229513,0.06350556856537648,-0.7343815024346401,0.459129137878783,0.24537245114573134,1.0364937310865465,0.631943870605994,1.0602730374983491,-0.007739263902600879,-0.4899010092006132,0.47201981535971227,0.023380601669020746,0.02274210657035037,0.031904907070201514,0.030947258897093478,0.007385418762864346,0.012112218540162882,0.010285306502844857,0.023380601668744845,0.02363288040855368,0.03190490687643866,0.032588608262179956,0.007367158894595412,0.011843245802361973,0.011265773066178148,0.02338060166991105,0.021213932815964794,0.03190490706745901,0.028583021114573257,0.007392265953837985,0.01239115672671759,0.009466560533941475
0.04735771820681129,1.043549849634726,0.4366058253412679,1.0720725698763243,0.027356182873167767,-0.6123365649343014,0.4527255008322874,-0.15264228174820402,1.0468045800593049,0.23660582539172154,1.0792433161180932,0.06321120739514141,-0.7314639187181263,0.4558344544749974,0.24735771815909985,1.0380901220397942,0.6366058252857232,1.0620040796726806,-0.007990679979442639,-0.48710191356413524,0.4680908831386459,0.023368409607523597,0.022776716901486728,0.031974394040759434,0.031079752046147203,0.007407709742895367,0.012062776588450654,0.010228782441482879,0.023368409606984775,0.02363868627618774,0.03197439383379767,0.03269339287808545,0.007388348296502467,0.011793216331950504,0.011202396825884347,0.023368409608144538,0.021265453054655405,0.03197439401935819,0.02872558884303915,0.007415659019196979,0.012342294624601596,0.009415596491127574
0.03842908087300461,1.0472943537290822,0.4325136789941549,1.0753077517088174,0.02943931612437256,-0.6289129548865158,0.44840624512492455,-0.16157091906372406,1.050632472433009,0.23251367906512616,1.0825314342724464,0.065269835938366,-0.747297975637791,0.45353001885027727,0.23842908084270711,1.0414783335475974,0.6325136789586159,1.0649274755092708,-0.005907957836833233,-0.5044526426728356,0.4621655879857536,0.02337347836119682,0.022885876948355123,0.03204308717550934,0.03127989850850221,0.007416848613551846,0.012034452918275854,0.0102241413460144,0.023373478360427115,0.023707062215920213,0.03204308695250404,0.03285363605105004,0.00739636243328057,0.011763637333898022,0.011204089053573979,0.023373478361596235,0.021393998370138098,0.03204308713733986,0.02893743890470452,0.007425919029878413,0.012315610176284962,0.009399710948130673
